gen	nevals
0  	20
[     ] muted: [6, 1, 4, 0, 8, 6, 1](30.0) => [6, 1, 1, 0, 8, 6, 1](30.0)
[+5.0 ] muted: [3, 8, 3, 6, 7, 6, 7](30.0) => [3, 8, 3, 6, 7, 2, 7](35.0)
[     ] muted: [1, 4, 6, 0, 1, 3, 6](30.0) => [1, 4, 6, 0, 1, 7, 6](30.0)
1  	29
[     ] muted: [7, 4, 7, 3, 6, 9, 8](35.0) => [7, 4, 8, 3, 6, 9, 8](35.0)
[     ] muted: [2, 5, 3, 5, 1, 2, 9](40.0) => [2, 5, 3, 5, 1, 2, 8](40.0)
[+10.0] muted: [3, 7, 6, 9, 2, 5, 9](40.0) => [3, 7, 6, 9, 2, 5, 0](50.0)
[     ] muted: [2, 2, 6, 6, 5, 0, 6](35.0) => [2, 4, 6, 6, 5, 0, 6](35.0)
[-5.0 ] muted: [7, 4, 7, 3, 6, 9, 8](35.0) => [7, 4, 7, 3, 7, 9, 8](30.0)
[     ] muted: [5, 1, 5, 4, 1, 0, 6](30.0) => [5, 1, 5, 0, 1, 0, 6](30.0)
[+5.0 ] muted: [1, 4, 6, 0, 1, 7, 6](30.0) => [1, 4, 6, 1, 1, 7, 6](35.0)
[-5.0 ] muted: [3, 7, 6, 9, 2, 5, 9](40.0) => [3, 3, 6, 9, 2, 5, 9](35.0)
[     ] muted: [2, 5, 3, 5, 1, 2, 9](40.0) => [2, 5, 3, 5, 0, 2, 9](40.0)
[-5.0 ] muted: [2, 2, 6, 6, 5, 0, 6](35.0) => [2, 2, 6, 6, 7, 0, 6](30.0)
[     ] muted: [1, 4, 6, 0, 1, 7, 6](30.0) => [9, 4, 6, 0, 1, 7, 6](30.0)
[     ] muted: [5, 7, 3, 5, 1, 2, 9](35.0) => [5, 7, 3, 5, 1, 2, 6](35.0)
2  	28
[     ] muted: [7, 4, 8, 3, 6, 9, 8](35.0) => [2, 4, 8, 3, 6, 9, 8](35.0)
[     ] muted: [9, 7, 3, 2, 2, 7, 0](50.0) => [9, 7, 3, 1, 2, 7, 0](50.0)
[-5.0 ] muted: [9, 7, 3, 2, 2, 7, 0](50.0) => [9, 7, 3, 2, 2, 9, 0](45.0)
[     ] muted: [7, 4, 8, 3, 6, 9, 8](35.0) => [7, 4, 8, 3, 4, 9, 8](35.0)
[-5.0 ] muted: [9, 7, 3, 2, 2, 7, 0](50.0) => [7, 7, 3, 2, 2, 7, 0](45.0)
[-5.0 ] muted: [2, 5, 3, 5, 1, 2, 8](40.0) => [2, 5, 3, 5, 6, 2, 8](35.0)
[     ] muted: [9, 7, 3, 2, 2, 7, 0](50.0) => [9, 2, 3, 2, 2, 7, 0](50.0)
3  	30
[-10.0] muted: [9, 7, 3, 2, 2, 7, 0](50.0) => [9, 7, 3, 2, 2, 7, 3](40.0)
[-5.0 ] muted: [9, 7, 3, 2, 2, 5, 0](45.0) => [9, 7, 2, 2, 2, 5, 0](40.0)
[     ] muted: [7, 7, 3, 2, 2, 7, 0](45.0) => [7, 8, 3, 2, 2, 7, 0](45.0)
[-5.0 ] muted: [9, 7, 3, 2, 2, 9, 0](45.0) => [9, 7, 3, 2, 2, 9, 6](40.0)
[     ] muted: [9, 7, 3, 2, 2, 7, 0](50.0) => [9, 7, 3, 6, 2, 7, 0](50.0)
[     ] muted: [9, 7, 3, 2, 2, 7, 0](50.0) => [9, 7, 3, 2, 2, 8, 0](50.0)
[+5.0 ] muted: [8, 4, 7, 3, 2, 5, 0](40.0) => [8, 4, 7, 3, 2, 2, 0](45.0)
[-5.0 ] muted: [3, 7, 6, 9, 2, 5, 6](40.0) => [3, 7, 8, 9, 2, 5, 6](35.0)
4  	32
[-5.0 ] muted: [9, 7, 7, 3, 2, 7, 0](50.0) => [9, 7, 7, 3, 2, 5, 0](45.0)
[     ] muted: [9, 7, 7, 3, 2, 7, 0](50.0) => [9, 7, 7, 3, 2, 1, 0](50.0)
[     ] muted: [9, 7, 6, 2, 2, 7, 0](50.0) => [9, 7, 6, 2, 5, 7, 0](50.0)
[-15.0] muted: [9, 7, 3, 2, 2, 7, 0](50.0) => [9, 7, 3, 2, 2, 7, 6](35.0)
[-5.0 ] muted: [9, 7, 6, 2, 2, 7, 0](50.0) => [4, 7, 6, 2, 2, 7, 0](45.0)
[-5.0 ] muted: [9, 7, 6, 2, 2, 7, 0](50.0) => [9, 7, 6, 2, 2, 6, 0](45.0)
5  	31
[     ] muted: [9, 7, 3, 9, 2, 7, 0](50.0) => [9, 7, 3, 7, 2, 7, 0](50.0)
[-5.0 ] muted: [9, 7, 6, 9, 2, 7, 0](50.0) => [0, 7, 6, 9, 2, 7, 0](45.0)
[     ] muted: [9, 7, 6, 9, 2, 7, 0](50.0) => [9, 7, 6, 9, 0, 7, 0](50.0)
[     ] muted: [9, 7, 5, 2, 2, 7, 0](50.0) => [9, 7, 7, 2, 2, 7, 0](50.0)
[     ] muted: [9, 7, 3, 2, 2, 7, 0](50.0) => [9, 7, 8, 2, 2, 7, 0](50.0)
[-10.0] muted: [7, 7, 3, 2, 2, 7, 0](45.0) => [7, 7, 3, 2, 2, 7, 7](35.0)
[-5.0 ] muted: [9, 7, 7, 2, 2, 7, 0](50.0) => [9, 7, 0, 2, 2, 7, 0](45.0)
[     ] muted: [9, 7, 6, 9, 2, 7, 0](50.0) => [9, 7, 6, 4, 2, 7, 0](50.0)
[-5.0 ] muted: [9, 7, 3, 2, 2, 7, 0](50.0) => [9, 7, 2, 2, 2, 7, 0](45.0)
6  	34
[     ] muted: [9, 7, 6, 9, 2, 7, 0](50.0) => [9, 7, 6, 2, 2, 7, 0](50.0)
[-15.0] muted: [9, 7, 6, 9, 2, 7, 0](50.0) => [9, 7, 6, 9, 2, 7, 8](35.0)
[     ] muted: [9, 7, 6, 9, 2, 7, 0](50.0) => [9, 7, 6, 0, 2, 7, 0](50.0)
[     ] muted: [9, 7, 5, 2, 2, 7, 0](50.0) => [9, 2, 5, 2, 2, 7, 0](50.0)
[-5.0 ] muted: [9, 7, 6, 2, 2, 7, 0](50.0) => [9, 7, 6, 2, 2, 4, 0](45.0)
[-5.0 ] muted: [9, 7, 6, 2, 2, 7, 0](50.0) => [9, 7, 6, 2, 2, 4, 0](45.0)
7  	31
[     ] muted: [9, 7, 6, 9, 2, 7, 0](50.0) => [9, 7, 6, 9, 6, 7, 0](50.0)
[-5.0 ] muted: [9, 7, 5, 2, 2, 7, 0](50.0) => [3, 7, 5, 2, 2, 7, 0](45.0)
[-5.0 ] muted: [9, 7, 6, 0, 2, 7, 0](50.0) => [9, 7, 6, 0, 8, 7, 0](45.0)
[-15.0] muted: [9, 7, 6, 2, 2, 7, 0](50.0) => [9, 7, 6, 2, 2, 7, 7](35.0)
8  	33
[-5.0 ] muted: [9, 7, 5, 2, 2, 7, 0](50.0) => [9, 7, 5, 2, 6, 7, 0](45.0)
[-5.0 ] muted: [9, 7, 5, 2, 2, 7, 0](50.0) => [9, 7, 2, 2, 2, 7, 0](45.0)
[     ] muted: [9, 7, 3, 2, 2, 7, 0](50.0) => [9, 7, 3, 9, 2, 7, 0](50.0)
[     ] muted: [9, 7, 5, 2, 2, 7, 0](50.0) => [9, 7, 5, 6, 2, 7, 0](50.0)
[     ] muted: [9, 7, 6, 2, 5, 7, 0](50.0) => [9, 7, 7, 2, 5, 7, 0](50.0)
[-5.0 ] muted: [9, 7, 6, 2, 5, 7, 0](50.0) => [5, 7, 6, 2, 5, 7, 0](45.0)
[-5.0 ] muted: [9, 7, 5, 2, 2, 7, 0](50.0) => [9, 7, 0, 2, 2, 7, 0](45.0)
[     ] muted: [9, 7, 5, 2, 2, 7, 0](50.0) => [9, 0, 5, 2, 2, 7, 0](50.0)
9  	31
[     ] muted: [9, 7, 5, 2, 2, 7, 0](50.0) => [9, 7, 7, 2, 2, 7, 0](50.0)
[+5.0 ] muted: [9, 7, 6, 2, 5, 7, 0](50.0) => [9, 7, 6, 9, 5, 7, 0](55.0)
[     ] muted: [9, 7, 6, 9, 2, 7, 0](50.0) => [9, 7, 6, 3, 2, 7, 0](50.0)
[     ] muted: [9, 7, 5, 2, 2, 7, 0](50.0) => [9, 7, 5, 1, 2, 7, 0](50.0)
[-5.0 ] muted: [9, 7, 6, 9, 2, 7, 0](50.0) => [2, 7, 6, 9, 2, 7, 0](45.0)
[-5.0 ] muted: [9, 7, 5, 2, 2, 7, 0](50.0) => [9, 7, 5, 2, 8, 7, 0](45.0)
[-5.0 ] muted: [9, 7, 5, 6, 2, 7, 0](50.0) => [1, 7, 5, 6, 2, 7, 0](45.0)
[     ] muted: [9, 7, 5, 2, 2, 7, 0](50.0) => [9, 7, 5, 1, 2, 7, 0](50.0)
[     ] muted: [9, 7, 5, 2, 2, 7, 0](50.0) => [9, 3, 5, 2, 2, 7, 0](50.0)
[-5.0 ] muted: [9, 7, 5, 2, 2, 7, 0](50.0) => [9, 7, 2, 2, 2, 7, 0](45.0)
[-5.0 ] muted: [9, 7, 5, 2, 2, 7, 0](50.0) => [9, 7, 5, 2, 2, 3, 0](45.0)
10 	36


best of last population: [9, 7, 6, 9, 2, 7, 0] 50.0%%
best overall: [9, 7, 6, 9, 5, 7, 0] 55.0%%
hall of fame: [[9, 7, 6, 9, 5, 7, 0], [9, 7, 6, 9, 2, 7, 0], [9, 4, 7, 3, 2, 7, 0], [9, 7, 3, 1, 2, 7, 0], [3, 7, 6, 9, 2, 5, 0]]
Total evaluations: 485, cached values: 152, retrievals from cache: 333.